0
11111111111111111111
10000000000000000001
10000000000000000001
10000000000000000001
10000000000000000001
10000000000000000001
10000000000000000001
10000000000000000001
10000000000000000001
10000000000000000001
10000000000000000001
11111111111111111111
1.5
22222222222222222222
21111111111111111112
21111111111111111112
21111111111111111112
21111111111111111112
21111111111111111112
21111111111111111112
21111111111111111112
21111111111111111112
21111111111111111112
21111111111111111112
22222222222222222222
4
22222222222222222222
20000000000000000002
20000000000000000002
20000000000000000002
20000333300000000002
20000000000000000002
20000000000000000002
20000000000000000002
20000000000000000002
20000000000000000002
20000000000000000002
22222222222222222222
6
11111111111111111111
10000000000000000001
10000000000000000001
10000000000000000001
10000000000000000001
10000000000000000001
10000000000000000001
10000000000000000001
10000000000000000001
10000000000000000001
10000000000000000001
11111111111111111111